3.515241560641379433e-17
-5.710037052818484752e-18
-1.630215578579677337e-15
1.929992523852647931e-15
1.247643096040838984e-15
-6.423791684420795250e-18
-5.852787979138946698e-17
-1.598810374789175712e-15
7.423048168664030409e-17
-1.484609633732806082e-16
1.313308522148251562e-16
9.921189379272117460e-17
8.565055579227727206e-17
3.997025936972939404e-17
-1.998512968486469702e-17
-6.994795389702643494e-17
4.782156031735480643e-17
-3.711524084332015205e-17
-8.850557431868651405e-17
5.710037052818485215e-17
-1.370408892676436402e-16
-4.282527789613863603e-17
6.281040758100333613e-17
1.142007410563696950e-17
-8.565055579227727514e-18
-3.426022231691091006e-17
-5.995538905459409414e-17
-1.884312227430099961e-16
7.137546316023106210e-17
3.283271305370628906e-17
8.565055579227727514e-18
2.855018526409242376e-18
3.568773158011553105e-17
-6.852044463382182011e-17
7.423048168664030409e-17
1.627360560053268058e-16
-1.142007410563696950e-17
-1.070631947403465932e-16
9.136059284509575604e-17
-8.422304652907264490e-17
-5.424535200177560399e-17
-2.284014821127393901e-17
0.000000000000000000e+00
5.353159737017329658e-17
-1.227657966355974179e-16
9.992564842432348509e-18
7.423048168664030409e-17
-4.996282421216174101e-17
-1.170557595827789340e-16
-2.855018526409242607e-17
7.137546316023106210e-17
1.070631947403465939e-18
-7.994051873945878807e-17
2.284014821127393901e-17
-1.027806669507327240e-16
1.570260189525083218e-16
-1.827211856901915121e-16
-2.284014821127393901e-17
-9.136059284509575604e-17
6.138289831779870897e-17
1.452490675310702125e-16
1.998512968486469702e-17
2.284014821127393901e-17
2.284014821127393901e-17
5.424535200177560399e-17
-7.708550021304954608e-17
9.992564842432348201e-17
-3.997025936972939404e-17
5.139033347536636200e-17
-1.713011115845545503e-17
-6.281040758100333613e-17
2.426765747447856001e-17
5.139033347536636200e-17
-3.711524084332015205e-17
-3.426022231691091006e-17
3.997025936972939404e-17
-6.852044463382182011e-17
-1.142007410563696950e-17
2.855018526409242607e-17
2.855018526409242607e-17
-8.422304652907264490e-17
-1.084907040035512080e-16
-4.139776863293401503e-17
8.234944062111658485e-17
1.655910745317360601e-16
-4.282527789613863603e-17
-4.568029642254787802e-17
8.707806505548188689e-17
1.084907040035512080e-16
-4.853531494895712001e-17
1.698736023213499293e-16
-9.421561137150499803e-17
-9.136059284509575604e-17
-6.816356731802066640e-17
4.282527789613863603e-17
3.997025936972939404e-17
8.565055579227727206e-17
6.566542610741257812e-17
-1.998512968486469702e-17
7.423048168664030409e-17
-1.713011115845545441e-16
9.992564842432348201e-17
9.136059284509575604e-17
-8.850557431868651405e-17
5.424535200177560399e-17
9.136059284509575604e-17
-6.281040758100333613e-17
1.998512968486469702e-17
