6.290584558019390897e+03
1.507244108660366066e+00
1.738803854192187259e+01
1.988212020626354004e+01
2.841371890309032011e+01
2.269129670718756131e+01
2.093422362386051816e+01
1.394991141746622354e+01
2.892011390264337933e+02
2.974281193119139175e+02
2.986815188788235105e+02
2.993241381107336565e+02
2.843686013923762630e+02
2.919801172323152514e+02
3.001515284000952875e+02
3.002013903963613188e+02
2.957447809085039694e+02
2.883699854569990748e+02
2.953822415247305457e+02
3.082728604719573582e+02
2.997515414094780795e+02
2.934449569619773115e+02
2.883086911002385477e+02
2.921509421572468455e+02
2.875388626800938141e+02
2.952462390273234405e+02
2.934598211863367965e+02
2.965959249978797629e+02
2.958744855150879403e+02
2.930808293082108094e+02
2.856720677047767936e+02
3.102426640670606730e+02
2.898600287081861211e+02
2.879076945348452341e+02
2.805853442677979501e+02
3.005429716054223377e+02
2.895096264238843560e+02
2.895492119615916522e+02
2.978881660879928859e+02
2.939866659207832527e+02
3.006825041114144597e+02
2.850197856140693489e+02
2.973477854988878448e+02
2.950679879304813653e+02
3.013872590338605164e+02
2.960930345093440224e+02
2.998570377611156914e+02
2.993989843820888836e+02
2.899340734546551062e+02
2.886934678695860157e+02
2.945205401489480437e+02
2.790171596635028095e+02
2.761844101063770154e+02
2.878260863350138834e+02
2.943748481468672935e+02
2.996082863022028278e+02
3.002517790754994849e+02
3.047575884696176445e+02
2.817817562367519599e+02
3.014259093440773540e+02
2.894868076928972869e+02
2.812634965831376803e+02
2.912711695357384087e+02
2.907573054774204024e+02
2.996587860838501456e+02
2.920045452254789780e+02
2.823104394325385442e+02
2.906091942923748661e+02
2.981069534046489480e+02
3.113203193228151235e+02
2.862592272613764521e+02
3.005571601528237693e+02
3.005140595805378894e+02
2.798265195700919321e+02
2.895411501649417687e+02
2.789399891462931578e+02
2.891797226923762310e+02
2.862489312264578416e+02
2.832113304565556291e+02
2.880856726671602814e+02
2.858108129870372522e+02
2.887931910709102681e+02
2.987846425070488294e+02
2.840821395806366922e+02
3.003839748058507553e+02
2.999024369660602360e+02
2.977803017654734390e+02
2.843166831712568978e+02
2.814855284813398271e+02
2.782999101743611163e+02
3.004633551426522899e+02
2.849627813543251023e+02
3.057796166768847570e+02
2.864760755236895307e+02
2.941884009884412308e+02
2.920826308136396392e+02
3.007206949442427231e+02
2.969658592603609009e+02
2.858754873411483004e+02
2.915449047209390869e+02
2.898135900889100185e+02
2.855327810493934635e+02
2.948682333599940648e+02
2.892687573863012744e+02
3.039517997408899532e+02
2.914957175436222201e+02
2.934685154942579288e+02
2.774185355969132161e+02
