1.282261536916122532e+04
1.635917613271012039e+00
9.827042692114515603e+02
9.800644902059266315e+02
5.034119287035801449e+02
2.040100452034153733e+01
2.126700150678051315e+01
2.915245768954681012e+02
5.221543947764942004e+02
5.273304871923656947e+02
5.144408839779005120e+02
5.275291813159216190e+02
5.255132094424911884e+02
5.155129080863887339e+02
4.846181818181818244e+02
5.022960321446509511e+02
5.269308890005022477e+02
5.100201908588649076e+02
4.996332496233048914e+02
5.254329482672023914e+02
5.202668006027122374e+02
5.090639879457559118e+02
4.868490205926669887e+02
4.842153691612255102e+02
5.116228026117528884e+02
4.952860873932697245e+02
4.893206428930186007e+02
5.208476142641889055e+02
5.039730788548467899e+02
5.036144650929181239e+02
5.272126569563033627e+02
5.043807132094424901e+02
5.086747363134103352e+02
5.061169261677549116e+02
5.423216474133600968e+02
5.195406328478151181e+02
4.847940733299849398e+02
5.108977398292315684e+02
5.324735308890004717e+02
4.921366147664490427e+02
5.138721245605223658e+02
5.037865394274234063e+02
5.051739829231541989e+02
4.845015570065293673e+02
5.154948267202411216e+02
5.039540934203917573e+02
4.828261175288799336e+02
5.015913611250628037e+02
5.499498744349573371e+02
5.053952787543947807e+02
5.281438473129080649e+02
4.862142641888498247e+02
5.023719738824711385e+02
5.063034655951782952e+02
5.094883977900552736e+02
5.271415369161225044e+02
5.150932194876946824e+02
5.117940733299849398e+02
4.938185836263184569e+02
5.110800602712204750e+02
5.295000502260170379e+02
4.729003515821195265e+02
4.931240582621798012e+02
5.315366147664490200e+02
4.743091913611250448e+02
4.999623304871923892e+02
4.869636363636363399e+02
4.745881466599698797e+02
4.741964841788046101e+02
5.071610246107483704e+02
4.998710195881466802e+02
4.905169261677548889e+02
5.057463586137619131e+02
5.026416875941737885e+02
4.958897036664992584e+02
4.625979909593169168e+02
5.046175791059769153e+02
4.831594173782019084e+02
4.938960321446509170e+02
5.309097940733299765e+02
4.904465092918131859e+02
5.180384731290808986e+02
4.897980914113510948e+02
4.836315419387242400e+02
5.133960823706679548e+02
5.028156705173279875e+02
5.047162230035158359e+02
5.077591160220994198e+02
5.336459065796082086e+02
4.879034655951783179e+02
5.204012054244097953e+02
5.060398794575590387e+02
4.811930688096434210e+02
5.149121044701155370e+02
5.085623304871923551e+02
4.627730788548468013e+02
4.788990457056755190e+02
5.036436966348568376e+02
4.941493721747865493e+02
4.803197388247111803e+02
5.338025113008538938e+02
5.089185334003013281e+02
4.877747865394273958e+02
4.908091411351080069e+02
5.009019588146659885e+02
4.513286790557508539e+02
4.794592667001506925e+02
4.980481165243596138e+02
